Agent 0:(1.79859,19.9376,0)->(5.16759,19.2078,6.89426)->(7.45053,18.6998,11.5718)->(7.32712,16.8832,15.2133)->(12.2246,15.8761,25.2133)->(17.1978,15.3589,35.2133)->(15.5698,19.7535,44.5864)->
Agent 1:(20.3294,18.1444,0)->(17.2083,18.9485,6.44587)->(17.0382,14.4859,15.3775)->(17.8181,11.5591,21.4354)->
Agent 2:(34.4812,9.5604,0)->(31.8826,6.72494,7.69221)->(31.382,6.24826,9.07482)->(30.4097,6.3467,11.0293)->(25.8283,8.34938,21.0293)->(20.8378,8.65837,31.0293)->(18.4982,13.0772,41.0293)->(16.5965,17.7015,51.0293)->(12.7936,14.4553,61.0293)->(12.4775,14.1855,61.8606)->
Agent 3:(17.3318,15.736,0)->(16.5139,12.586,6.50897)->(16.409,9.75057,12.1836)->
Agent 4:(36.7029,7.34889,0)->(33.3865,7.37927,6.63304)->(32.169,6.43709,9.71195)->(30.8657,6.32708,12.3278)->(30.8657,6.32708,13.3278)->(26.0706,7.74369,23.3278)->(23.934,8.27328,27.7303)->(18.9761,7.62543,37.7303)->(19.5903,12.5876,47.7303)->(20.0489,16.2921,55.196)->
Agent 5:(10.6554,14.9897,0)->(8.35539,14.5253,4.69285)->(8.35539,14.5253,15.5318)->(7.85253,17.1873,20.95)->(7.46489,17.3301,21.7762)->(7.24176,18.815,24.7793)->(5.71419,19.3072,27.9891)->
Agent 6:(10.6446,5.84184,0)->(12.6176,6.15516,3.99546)->
Agent 7:(16.4003,18.7868,0)->(16.035,13.8002,10)->(15.8945,11.8827,13.8453)->
Agent 8:(15.8775,16.5196,0)->(12.2393,13.0898,10)->(8.60104,9.66002,20)->(5.86664,7.08228,27.5158)->
Agent 9:(3.5602,18.4876,0)->(7.36298,18.5606,7.60696)->(7.3464,17.5641,9.60018)->(7.54326,16.8464,11.0885)->(12.1892,14.9984,21.0885)->(15.56,15.1716,27.839)->(16.7431,12.934,32.9013)->(16.7431,12.934,44.5844)->(19.4898,12.338,50.2055)->(18.6922,8.84122,57.3788)->(23.6078,7.92662,67.3788)->(27.4272,9.2059,75.4347)->
Agent 10:(6.35221,13.9725,0)->(10.4284,12.372,8.75822)->(10.8164,13.1832,10.5567)->(10.8164,13.1832,12.4003)->(13.1686,12.2572,17.4561)->(11.3406,14.8668,23.8284)->(15.4757,13.365,32.6272)->(15.4757,13.365,44.8591)->(16.742,13.1811,47.4184)->(16.742,13.1811,48.5217)->(19.1545,12.0463,53.8537)->(18.54,10.7004,56.8126)->(19.5134,8.53392,61.5629)->(23.6756,7.64976,70.073)->(25.2831,7.19799,73.4126)->
Agent 11:(27.6121,6.55962,0)->(25.0358,7.35328,5.3915)->(20.7245,8.56514,14.3484)->(20.7245,8.56514,14.4251)->(19.6685,10.3883,18.6389)->(18.7547,13.4185,24.9688)->(18.7547,13.4185,29.9688)->(14.3255,14.8896,39.3031)->(11.0412,11.2945,49.042)->(7.59773,9.33052,56.9703)->(4.65773,7.6712,63.7222)->(2.95126,5.70785,68.9248)->
Agent 12:(2.13937,6.36959,0)->(3.46679,8.6,5.19106)->(5.9012,12.6388,14.6226)->(9.20166,13.5436,21.467)->(13.739,15.5757,31.4102)->(13.739,15.5757,31.5558)->(14.974,16.0935,34.2342)->(16.7349,15.1782,38.2034)->(18.8491,15.1846,42.4318)->(18.8491,15.1846,45.381)->(17.3673,14.2085,48.9299)->(20.235,14.1873,54.6654)->
Agent 13:(23.3117,7.09347,0)->(21.9685,8.07894,3.33189)->(19.3129,10.3819,10.3621)->(18.6568,15.3387,20.3621)->(15.3567,19.0949,30.3621)->(15.3567,19.0949,32.5547)->(14.935,14.6945,41.3958)->(11.6682,11.6549,50.3203)->(11.4776,8.85497,55.9331)->(8.97347,5.70322,63.984)->
Agent 14:(10.1079,12.3132,0)->(12.2933,15.026,6.96721)->(15.295,16.3089,13.4959)->(18.9732,19.5075,23.2448)->(18.9732,19.5075,45.9315)->(17.2617,16.6681,52.562)->(16.6176,17.11,54.1242)->
Agent 15:(8.142,11.3972,0)->(11.6829,11.1056,7.10578)->(15.5333,13.6805,16.3698)->(17.5349,14.3716,20.6049)->(17.5349,14.3716,21.3325)->(17.9473,16.9206,26.4968)->(17.9473,16.9206,39.1446)->(16.3857,14.8237,44.3737)->(16.3857,14.8237,45.3737)->(15.5333,13.6805,48.2257)->
Agent 16:(8.91394,5.63414,0)->(9.26754,10.5159,9.78902)->(9.2421,12.082,12.9216)->
Agent 17:(16.6446,10.7072,0)->(19.7885,8.51504,7.66535)->(21.744,7.1286,12.4595)->(23.3683,6.89325,15.7422)->(26.7137,6.43111,22.4966)->(28.7062,7.17025,26.7469)->(30.498,6.24762,30.7778)->(35.4492,6.94465,40.7778)->(34.3868,8.50063,44.5459)->
Agent 18:(19.1928,11.2461,0)->(19.8937,8.70411,5.27362)->(20.3399,8.07162,6.82175)->(21.9679,7.13673,10.5765)->(26.7993,6.28168,20.3895)->(27.2725,6.4675,21.4061)->(28.4518,6.87804,23.9035)->(29.0217,6.94652,25.0517)->(30.2171,6.46889,27.6262)->(30.7726,6.35873,28.7587)->(35.7609,6.70078,38.7587)->(37.5947,8.86533,44.4326)->
Agent 19:(18.843,8.76742,0)->(17.5926,8.55254,2.53742)->(17.3338,9.01516,3.59763)->(16.924,10.1365,5.98536)->(17.5252,11.1834,8.39968)->(17.5046,12.9857,12.0046)->(16.6102,12.6871,13.8904)->(16.6102,12.6871,17.5697)->(15.9432,13.043,19.0818)->(12.0893,13.4597,26.8343)->(11.8332,13.6873,27.5197)->(7.99617,16.7648,37.3572)->(7.32745,17.2686,39.0316)->(7.32745,17.2686,59.96)->(7.28236,17.9707,61.3673)->(7.42727,18.3742,62.2247)->(6.54871,20.3374,66.5263)->(2.05475,20.2343,75.5166)->(2.66027,18.3991,79.3816)->
